X,Y,Tangent X,Tangent Y,Fixed Theta,Name
1.1943219738452617,-2.286,1.0,0.0,true,
3.396233460027056,-2.2025005475745667,1.5833970237711785,0.02474057849642497,true,
4.540485215486696,-3.006569348708368,0.15462861560265395,-1.1071408877150035,true,
3.451899761644012,-3.60034323262256,-0.7607727887650584,0.7051064871481025,true,
3.5941580879984536,-2.4808320556593437,1.2184734909489143,0.8226242350061197,true,
6.105326805385555,-2.208685692198673,1.5215455775301168,0.4824412806802809,true,
6.971247052760418,-1.2623585647104294,-0.3216275204535206,1.7070999162533012,true,
6.154807962378405,-0.6933252592926624,-0.7793282226373774,-0.17318404947497257,true,
5.523923210719577,-1.4602831926818267,0.42058983443921694,-0.9030311151194992,true,
6.612508664562261,-3.303456290665464,1.7689513624943638,-0.7174767763963148,true,
8.239201700702182,-3.4766403401404364,0.9648825613605609,0.8968459704953937,true,
8.381460027056624,-2.2334262706950976,-0.5442927269213422,0.2474057849642466,true,
5.598144946208851,-2.12,-5.115114604135798,0.06803659086516767,true,
