X,Y,Tangent X,Tangent Y,Fixed Theta,Name
1.2831,-2.134,0.28851579591573784,0.011906332538813569,true,
2.3262034400566898,-2.1715748244540354,0.7043757677782395,-0.022896780061941242,false,
3.396233460027056,-2.2025005475745667,0.30307208658120244,-0.012370289248212263,true,
4.070414224054628,-2.48701720028345,0.2861568691130597,-0.28731844423844977,false,
4.336375442891193,-2.9694584809637306,0.0865920247374854,-0.377293822070476,true,
4.21267255040907,-3.47045519551633,-0.20556149326155532,-0.19696961676596483,false,
3.754971848225213,-3.5941580879984536,-0.4762561360561741,-0.012370289248212263,true,
3.3653077369065247,-3.3653077369065247,-0.13443796040407763,0.23133984130054164,false,
3.383863170778844,-2.882866456226244,0.19173948334729118,0.3711086774463692,true,
3.724046125104682,-2.548868646524512,0.3196032483111817,0.2004660051639724,false,
4.398226889132254,-2.3880548862977515,0.4329601236874323,0.018555433872318616,true,
5.424960896733878,-2.2519817045674158,0.6465000032013642,0.14021955272022218,false,
6.3403623011015915,-1.9798353411067444,0.24740578496424614,0.22266520646782206,true,
6.822803581781872,-1.540690072795207,-0.061851446241062646,0.3587383881981576,true,
6.643434387682792,-1.126285382980094,-0.2783315080847766,0.1237028924821233,true,
6.0929565161373445,-1.008767635122077,-0.5875887392900854,-0.024740578496424526,true,
5.6909221155704435,-1.2747288539586417,-0.1592675774531093,-0.23351174607207098,false,
5.579589512336532,-1.6829483991496488,0.012370289248213595,-0.3216275204535204,true,
5.777514140307929,-2.221055981446885,0.17025498901011377,-0.34473677929021274,false,
6.0929565161373445,-2.715867551375378,0.24896066707734657,-0.28730368548164703,false,
6.519731495200669,-3.0869762288217477,0.3278126650776283,-0.1979246279713971,false,
7.070209366746118,-3.3900483154029506,0.4267749790633246,-0.11133260323391081,true,
7.781500998518326,-3.47045519551633,0.385943708764414,0.13418037797408539,false,
8.251571989950396,-3.0684207949494295,0.006185144624108574,0.402034400566901,true,
8.214461122205757,-2.6230903820137854,-0.13854051276931562,0.27031752154848193,false,
7.738204986149584,-2.3200182954325834,-0.5752184500418736,0.061851446241061314,true,
6.934136185015782,-2.313833150808477,-0.5009967145525982,0.0061851446241063535,true,
5.6909221155704435,-2.3014628615602657,-0.6123293177865108,0.0,true,
0.7984727179024672,-2.134,-0.5319224376731302,0.018091477162919478,true,
