X,Y,Tangent X,Tangent Y,Fixed Theta,Name
1.1633962507247309,-3.693120401984152,2.30034323262256,0.058245899632803244,true,
2.85812587772982,-2.412795464794176,0.8102539457579074,0.6494401855311474,true,
4.571410938607228,-2.004575919603169,2.022542292082716,0.05566630161695518,true,
6.105326805385555,-2.3509440185531143,0.8734927301599473,-0.5329783419602319,false,
7.150616246859498,-3.6683798234877276,1.1442517554596412,-0.7174767763963148,true,
8.202090832957547,-3.618898666494878,0.6741807640275734,0.6370698962829353,true,
8.43712632867358,-2.456091477162919,-0.8721053919989696,1.107140887715003,true,
7.076394511370224,-2.4808320556593437,-0.5195521484249168,-1.2122883463248084,true,
6.204289119371255,-3.581787798750241,-0.9215865489918196,-0.6185144624106163,true,
4.7384098434580935,-3.903415319203762,-1.0282413438142206,-0.047219421650161054,false,
3.1179019519422786,-3.674564968111833,-1.3854723957997805,0.5319224376731304,true,
2.1282788120852927,-2.7839041422405457,-1.2679546479417638,1.6019524576434963,true,
0.5572520775623268,-2.140649101333505,-0.7236619210204216,0.04948115699284905,true,
